[  4, -1,  0,  0,  0, -1,  0,  0,  0,  0,  0,  0,  0,  0,  0,  0,  0,  0,  0,  0,  0,  0,  0,  0,  0 ] . [  x1 ] = [ 45 ]
[ -1,  4, -1,  0,  0,  0, -1,  0,  0,  0,  0,  0,  0,  0,  0,  0,  0,  0,  0,  0,  0,  0,  0,  0,  0 ] . [  x2 ] = [ 20 ]
[  0, -1,  4, -1,  0,  0,  0, -1,  0,  0,  0,  0,  0,  0,  0,  0,  0,  0,  0,  0,  0,  0,  0,  0,  0 ] . [  x3 ] = [ 20 ]
[  0,  0, -1,  4, -1,  0,  0,  0, -1,  0,  0,  0,  0,  0,  0,  0,  0,  0,  0,  0,  0,  0,  0,  0,  0 ] . [  x4 ] = [ 20 ]
[  0,  0,  0, -1,  4,  0,  0,  0,  0, -1,  0,  0,  0,  0,  0,  0,  0,  0,  0,  0,  0,  0,  0,  0,  0 ] . [  x5 ] = [ 40 ]
[ -1,  0,  0,  0,  0,  4, -1,  0,  0,  0, -1,  0,  0,  0,  0,  0,  0,  0,  0,  0,  0,  0,  0,  0,  0 ] . [  x6 ] = [ 25 ]
[  0, -1,  0,  0,  0, -1,  4, -1,  0,  0,  0, -1,  0,  0,  0,  0,  0,  0,  0,  0,  0,  0,  0,  0,  0 ] . [  x7 ] = [  0 ]
[  0,  0, -1,  0,  0,  0, -1,  4, -1,  0,  0,  0, -1,  0,  0,  0,  0,  0,  0,  0,  0,  0,  0,  0,  0 ] . [  x8 ] = [  0 ]
[  0,  0,  0, -1,  0,  0,  0, -1,  4, -1,  0,  0,  0, -1,  0,  0,  0,  0,  0,  0,  0,  0,  0,  0,  0 ] . [  x9 ] = [  0 ]
[  0,  0,  0,  0, -1,  0,  0,  0, -1,  4,  0,  0,  0,  0, -1,  0,  0,  0,  0,  0,  0,  0,  0,  0,  0 ] . [ x10 ] = [ 20 ]
[  0,  0,  0,  0,  0, -1,  0,  0,  0,  0,  4, -1,  0,  0,  0, -1,  0,  0,  0,  0,  0,  0,  0,  0,  0 ] . [ x11 ] = [ 25 ]
[  0,  0,  0,  0,  0,  0, -1,  0,  0,  0, -1,  4, -1,  0,  0,  0, -1,  0,  0,  0,  0,  0,  0,  0,  0 ] . [ x12 ] = [  0 ]
[  0,  0,  0,  0,  0,  0,  0, -1,  0,  0,  0, -1,  4, -1,  0,  0,  0, -1,  0,  0,  0,  0,  0,  0,  0 ] . [ x13 ] = [  0 ]
[  0,  0,  0,  0,  0,  0,  0,  0, -1,  0,  0,  0, -1,  4, -1,  0,  0,  0, -1,  0,  0,  0,  0,  0,  0 ] . [ x14 ] = [  0 ]
[  0,  0,  0,  0,  0,  0,  0,  0,  0, -1,  0,  0,  0, -1,  4,  0,  0,  0,  0, -1,  0,  0,  0,  0,  0 ] . [ x15 ] = [ 20 ]
[  0,  0,  0,  0,  0,  0,  0,  0,  0,  0, -1,  0,  0,  0,  0,  4, -1,  0,  0,  0, -1,  0,  0,  0,  0 ] . [ x16 ] = [ 25 ]
[  0,  0,  0,  0,  0,  0,  0,  0,  0,  0,  0, -1,  0,  0,  0, -1,  4, -1,  0,  0,  0, -1,  0,  0,  0 ] . [ x17 ] = [  0 ]
[  0,  0,  0,  0,  0,  0,  0,  0,  0,  0,  0,  0, -1,  0,  0,  0, -1,  4, -1,  0,  0,  0, -1,  0,  0 ] . [ x18 ] = [  0 ]
[  0,  0,  0,  0,  0,  0,  0,  0,  0,  0,  0,  0,  0, -1,  0,  0,  0, -1,  4, -1,  0,  0,  0, -1,  0 ] . [ x19 ] = [  0 ]
[  0,  0,  0,  0,  0,  0,  0,  0,  0,  0,  0,  0,  0,  0, -1,  0,  0,  0, -1,  4,  0,  0,  0,  0, -1 ] . [ x20 ] = [ 20 ]
[  0,  0,  0,  0,  0,  0,  0,  0,  0,  0,  0,  0,  0,  0,  0, -1,  0,  0,  0,  0,  4, -1,  0,  0,  0 ] . [ x21 ] = [ 55 ]
[  0,  0,  0,  0,  0,  0,  0,  0,  0,  0,  0,  0,  0,  0,  0,  0, -1,  0,  0,  0, -1,  4, -1,  0,  0 ] . [ x22 ] = [ 30 ]
[  0,  0,  0,  0,  0,  0,  0,  0,  0,  0,  0,  0,  0,  0,  0,  0,  0, -1,  0,  0,  0, -1,  4, -1,  0 ] . [ x23 ] = [ 30 ]
[  0,  0,  0,  0,  0,  0,  0,  0,  0,  0,  0,  0,  0,  0,  0,  0,  0,  0, -1,  0,  0,  0, -1,  4, -1 ] . [ x24 ] = [ 30 ]
[  0,  0,  0,  0,  0,  0,  0,  0,  0,  0,  0,  0,  0,  0,  0,  0,  0,  0,  0, -1,  0,  0,  0, -1,  4 ] . [ x25 ] = [ 50 ]
